0.39707632679219945215365  0.60850856044190804183813
0.02874843592638935685368  0.23557237464522232106567
0.03091525009918515490281  0.45908993804742576072542
0.92352061525315098933220  0.34955900753807184200284
0.99047822504348892458381  0.21518601031525619315943
0.47898800622577591967755  0.14090395825067902890737
0.08774071474349193211495  0.94158757286294136878979
0.61821344645527509520377  0.65440839869380784676878
0.15768913846247747945206  0.19800408948026979039092
0.60991241187780387278394  0.34284493545335248398942
0.41355632190923796720483  0.79573961607715082422487
0.51915036469618824899186  0.12555314798425246114455
0.74990081484420301194405  0.57145908993804739317568
0.18277535325174718017216  0.60454115421002840857767
0.77382732627338479680645  0.58537553025910216142336
0.74193548387096774909821  0.09558397167882320966115
0.84624774925992618523907  0.64897610400708027889038
0.26221503341776786211170  0.62971892452772604276134
0.91402935880611591024092  0.58934293649098179468382
0.47306741538743246611176  0.58177434614093448406180
0.41431928464613787532755  0.15616321298867763545104
0.15753654591509749782752  0.08215582750938443812316
0.03250221259193700890089  0.97726371044038207180904
0.22382274849696340290883  0.86809900204474010898537
0.59508041627246921478900  0.46928312021240881080075
0.98934904019287694953988  0.73033845027008881256592
0.87804803613391524397258  0.11011078218939787665143
0.70934171575060278591707  0.21225623340556046270144
0.61317789239173559057150  0.97827082125308995053103
0.88064210943937493158984  0.71675771355327000389224
0.47236548966948455063886  0.96646015808587903972438
0.35221411786248357778106  0.67784661397137369043264
0.31192968535416731867826  0.57518234809411905583687
0.77352214117862483355736  0.95272682882168036044845
0.45799127170628983751755  0.69267860957670823740528
0.41181676686910612117387  0.09112826929532762132435
0.31376079592272715368395  0.26740318002868740387967
0.87038789025543994437584  0.63765373699148530928227
0.07083346049378948239283  0.27921384319589831468633
0.73778496658223213788830  0.12338633381145665268708
0.80498672444837793271688  0.91601306192205567136000
0.70046082949308752230166  0.90374462111270481567971
0.73787652211066012686302  0.36109500411999878588531
0.14917447431867428275787  0.49763481551561022930841
0.94631794183172091017298  0.09887997070223090989582
0.81112094485305341606818  0.58543656727805415407317
0.29972228156376840013664  0.14374217963194677039063
0.43833735160374764916469  0.32084109012115846759627
0.90774254585406044526508  0.09927671132541886211964
0.08438367870113223923045  0.11398663289284950705937
0.85839411603137305561972  0.45390179143650621895745
0.99981688894314402205055  0.54100161748100217273816
0.52888576921903129868241  0.01882992034669026676363
0.67824335459456164265646  0.53706472975859853580261
0.24982451857051302113177  0.91518906216620377058746
0.08410901211584825842849  0.52894680623798329133223
0.60408337656788846370404  0.01586962492751853998074
0.59309671315652945366992  0.66307565538499102508752
0.14175847651600695376040  0.24906155583361308525348
0.67687002166814169701325  0.78563798944059570761311