0.25449385052034056986514  0.18454542680135502252803
0.17142246772667624199471  0.91937009796441537812228
0.77752006591998046314274  0.56355479598376412297966
0.46684163945432904929689  0.95834223456526379525400
0.23957029938657795065104  0.73125400555436870231318
0.42628254036072876775876  0.29572435682241277055127
0.21530808435316017845906  0.50996429334391313314967
0.46836756492812892105349  0.58326975310525830398234
0.69527268288216803604485  0.02343821527756584366387
0.52058473464156007626258  0.26380199591051972651812
0.14169743949705496111058  0.21997741630298775494801
0.77159947508163706508810  0.52922147282326725825641
0.50724814600054934921047  0.74120303964354383730040
0.08923612170781579366885  0.38920255134739217828255
0.24777977843562121185172  0.79268776512955108071168
0.38584551530503252703141  0.75795770134586626376461
0.86062196722312078733808  0.17303994872890407497046
0.71217993713187044413360  0.96435438093203529330566
0.97924741355632194395042  0.11725211340678121096914
0.36100344859157079691059  0.59263893551438950879628
0.55626087221900077928183  0.11062959685048982805267
0.76186407055879390437525  0.05902279732657857158618
0.16513565477462080477444  0.33008819849238563159943
0.44782860805078278376712  0.83123264259773554929467
0.95245216223639639352427  0.86819055757316809796009
0.87609485152745136815611  0.69640186773277990006648
0.27185888241218297833868  0.39683217871639148155438
0.38300729392376475779258  0.98467970824304940080651
0.53096102786339915979852  0.42692342905972474609300
0.05548265022736289381333  0.15353862117374186824215
0.28208258308664202473892  0.81939146092104864216310
0.79937131870479449791134  0.64018677327799311527201
0.08871730704672384226761  0.70488601336710710043576
0.38636432996612446455487  0.38737144077883234327686
0.19855342265083772423928  0.46784875026703698353003
0.76097903378399001095289  0.94961394085512862428544
0.55415509506515703286311  0.95117038483840443685580
0.38816492202520830323564  0.58543656727805415407317
0.17310098574785606762028  0.53776665547654656229781
0.92339854121524700403256  0.24259163182470167008375
0.42844935453352456233844  0.26560258796960356519890
0.98623615222632521337687  0.84163945432905051813322
0.26053651539658800873056  0.63191625720999788917709
0.31867427594836267301659  0.76497695852534564053826
0.85219885860774557961861  0.24329355754264961331224
0.10946989349040192607276  0.95699942014831995695801
0.79750968962675861106959  0.96758934293649101476831
0.76573992126224554866099  0.54191717276528217350773
0.29654835657826472683496  0.74410229804376348816675
0.91302224799340803151892  0.36545915097506637136959
0.40638447218237860880663  0.70833460493789479617277
0.90530106509598073927236  0.36640522476882231295292
0.87994018372142701611693  0.78716391491439563488086
0.62578203680532240582579  0.18475905636768699680239
0.62428662984099858590525  0.42124698629718926312648
0.86013367107150484613953  0.91235084078493611237093
0.30909146397289954943943  0.57048249763481551077859
0.02316354869228186980079  0.39213232825708793649611
0.15680410168767358602970  0.65889461958677941755269
0.52031006805627610933840  0.97289956358531448632476